image: map.pgm
resolution: 0.020000
origin: [-33.000000, -39.400000, 0.000000]
negate: 0
occupied_thresh: 0.65
free_thresh: 0.196
